[tran_mat_0]
element_0 = 3.69404940764
element_1 = -1.45670815353e-16
element_2 = -539.331213516
element_3 = 0.389227373809
element_4 = 2.25195837704
element_5 = -615.312874081
element_6 = 0.000376092334616
element_7 = -0.000375981281602
element_8 = 1.0

[tran_mat_1]
element_0 = -3.57505778999e-16
element_1 = -1.72500224374
element_2 = 633.075823452
element_3 = 2.37965066675
element_4 = 0.034739425792
element_5 = -552.930070618
element_6 = -0.00127631558354
element_7 = 0.000347944753352
element_8 = 1.0

[tran_mat_2]
element_0 = -0.173485816042
element_1 = -3.46971632084
element_2 = 1301.66407776
element_3 = 5.92315931259
element_4 = 0.197438643753
element_5 = -919.669202602
element_6 = 0.00151263563686
element_7 = 0.00065812881251
element_8 = 1.0

[tran_mat_3]
element_0 = 2.95645813659
element_1 = 0.115486645961
element_2 = -700.980843652
element_3 = -0.471166937924
element_4 = 2.44417849048
element_5 = -462.067526435
element_6 = -0.00134146656754
element_7 = 0.000969111679032
element_8 = 1.0

[perspectived_size]
width = 300

