[tran_mat_0]
element_0 = 4.640096098359257
element_1 = 0.04461630863806929
element_2 = -873.5427068247683
element_3 = 0.6587098082444515
element_4 = 2.6509053258618183
element_5 = -470.44733182961056
element_6 = 0.004373454659333559
element_7 = 7.221390924047971e-05
element_8 = 1.0

[tran_mat_1]
element_0 = -0.19005150470072352
element_1 = -0.5430042991449242
element_2 = 274.54297364767365
element_3 = 0.8525876133798971
element_4 = -0.008759461781300364
element_5 = -300.1838354245679
element_6 = -0.0013019842539529476
element_7 = -0.00011207706524205315
element_8 = 1.0

[tran_mat_2]
element_0 = 0.7863617664010775
element_1 = -4.049763096965547
element_2 = 995.101497292243
element_3 = 7.740889077952197
element_4 = 0.050594046261125715
element_5 = -1500.5688180587204
element_6 = 0.005348698520109701
element_7 = 0.0002746274689173862
element_8 = 1.0

[tran_mat_3]
element_0 = 1.3032734052186665
element_1 = 0.020050360080287124
element_2 = -390.54091364383356
element_3 = -0.24507561455690585
element_4 = 0.9715497577077334
element_5 = -31.89484069447727
element_6 = -0.0012712696525949605
element_7 = 2.9645696934353586e-05
element_8 = 1.0

[perspectived_size]
width = 300

