[tran_mat_0]
element_0 = 3.509111527486076
element_1 = -0.05198683744423796
element_2 = -487.8704759954529
element_3 = 0.655473873233126
element_4 = 1.8446907575275109
element_5 = -337.76568687702974
element_6 = 0.003843148822421519
element_7 = 0.0002771830128207128
element_8 = 1.0

[tran_mat_1]
element_0 = -0.19051288510084644
element_1 = -0.4634865712154925
element_2 = 282.08702636461925
element_3 = 0.6646180542719708
element_4 = -0.03720508191853266
element_5 = -224.84383915439088
element_6 = -0.0010766843121552067
element_7 = -0.00016114563701861298
element_8 = 1.0

[tran_mat_2]
element_0 = 0.5185636298800891
element_1 = -2.9084655762839753
element_2 = 789.1862059431626
element_3 = 5.5031273194262695
element_4 = -0.060143467971871374
element_5 = -1082.1614192178893
element_6 = 0.0034826554657189216
element_7 = 0.000654363939153315
element_8 = 1.0

[tran_mat_3]
element_0 = 1.1763345744501912
element_1 = -0.08848534409581085
element_2 = -362.3422790521044
element_3 = -0.09286104617064089
element_4 = 0.8357494155357694
element_5 = -59.24534745686905
element_6 = -0.0010258600600032205
element_7 = -0.00010256877389051473
element_8 = 1.0

[perspectived_size]
width = 300

