[tran_mat_0]
element_0 = 5.96206245565728
element_1 = -0.4132122494019893
element_2 = -1119.687135236706
element_3 = 0.8865397064451185
element_4 = 2.9070255490409664
element_5 = -688.9444379202338
element_6 = 0.005682938100862448
element_7 = -0.0005750785650693318
element_8 = 1.0

[tran_mat_1]
element_0 = -0.2389548593870493
element_1 = -0.6195125984108685
element_2 = 343.36043257923524
element_3 = 0.8632165229978224
element_4 = -0.04897682399987642
element_5 = -291.2957828422651
element_6 = -0.0011728725420720937
element_7 = -2.0516639970070638e-06
element_8 = 1.0

[tran_mat_2]
element_0 = 0.9618406983395456
element_1 = -4.488589925584545
element_2 = 1111.8878472805145
element_3 = 7.857947038555802
element_4 = -1.859465894310596e-16
element_5 = -1697.3165603280534
element_6 = 0.0056892262328940195
element_7 = 0.00021247596437608208
element_8 = 1.0

[tran_mat_3]
element_0 = 1.482337160615314
element_1 = -0.007720506044871246
element_2 = -486.7084215747396
element_3 = -0.12490916633591903
element_4 = 1.0409097194659935
element_5 = -91.1004186476638
element_6 = -0.001264199297747113
element_7 = 0.00026003644146394033
element_8 = 1.0

[perspectived_size]
width = 300

