[tran_mat_0]
element_0 = 5.390958059134228
element_1 = 0.29405225777095834
element_2 = -1274.8145548563593
element_3 = 0.47141068912494044
element_4 = 3.013661191191585
element_5 = -520.8246310028585
element_6 = 0.0053416188208699035
element_7 = 8.972127501418055e-05
element_8 = 1.0

[tran_mat_1]
element_0 = -0.17498564994964066
element_1 = -0.48400286156283523
element_2 = 270.86661682523817
element_3 = 0.768973689248714
element_4 = 0.05175784446866341
element_5 = -320.8173019501197
element_6 = -0.0012073031640183526
element_7 = -0.0001298291796598282
element_8 = 1.0

[tran_mat_2]
element_0 = 1.3038805314393629
element_1 = -5.125599330485769
element_2 = 1252.2198855557817
element_3 = 8.994415714251314
element_4 = -0.11992554285668569
element_5 = -1897.941641249884
element_6 = 0.007254744899116637
element_7 = 5.937224734750024e-05
element_8 = 1.0

[tran_mat_3]
element_0 = 1.3175590631942913
element_1 = -0.01365346179475952
element_2 = -426.3634781958521
element_3 = -0.1187564482205658
element_4 = 0.9409164743629408
element_5 = -88.42787836731311
element_6 = -0.0013185411588166086
element_7 = 0.00010882372292190761
element_8 = 1.0

[perspectived_size]
width = 300

