[tran_mat_0]
element_0 = 4.300791115429413
element_1 = 0.02000367960664815
element_2 = -845.735570089489
element_3 = 0.5556506066864598
element_4 = 2.412336780248534
element_5 = -444.2223313650923
element_6 = 0.004211689416145741
element_7 = -0.00026635662615609706
element_8 = 1.0

[tran_mat_1]
element_0 = -0.16584123445862142
element_1 = -0.5265459194061243
element_2 = 269.37591713113926
element_3 = 0.8924714637056818
element_4 = 0.024120850370423816
element_5 = -337.088883926673
element_6 = -0.0013089543091549295
element_7 = 5.960740161577854e-05
element_8 = 1.0

[tran_mat_2]
element_0 = 0.7581964296273336
element_1 = -3.610459188701595
element_2 = 907.5250216720332
element_3 = 6.757297071634875
element_4 = 0.0441653403374827
element_5 = -1256.150609878687
element_6 = 0.004855003507462887
element_7 = -0.00039645358547977676
element_8 = 1.0

[tran_mat_3]
element_0 = 1.3154450017788257
element_1 = 0.05481020840745103
element_2 = -390.4679246946814
element_3 = -0.26274484010675087
element_4 = 1.0322118718479496
element_5 = -43.015083823190885
element_6 = -0.0013266327380239036
element_7 = 0.0001441098202954216
element_8 = 1.0

[perspectived_size]
width = 300

