[tran_mat_0]
element_0 = 3.4336562656098883
element_1 = -0.026211116531373153
element_2 = -518.2461960583108
element_3 = 0.49611114411737994
element_4 = 1.6957980926194076
element_5 = -312.8206268725588
element_6 = 0.003428858087199812
element_7 = -0.00010880531570573524
element_8 = 1.0

[tran_mat_1]
element_0 = -0.18708326653825214
element_1 = -0.48262060063491136
element_2 = 287.88861098210253
element_3 = 0.7161626593135395
element_4 = -0.007518768076782603
element_5 = -245.03477193032467
element_6 = -0.0011346399609459665
element_7 = 5.684090079811484e-05
element_8 = 1.0

[tran_mat_2]
element_0 = 0.5110299287998417
element_1 = -3.042950939671785
element_2 = 849.6801711622461
element_3 = 5.157875108015097
element_4 = -0.0879183257048029
element_5 = -1070.9331254102028
element_6 = 0.0039086813153778165
element_7 = -0.00029306108568267635
element_8 = 1.0

[tran_mat_3]
element_0 = 1.254708500794887
element_1 = 1.1019456975442194e-16
element_2 = -432.87443277423614
element_3 = -0.17348718519428483
element_4 = 0.88912182412071
element_5 = -39.72856540949127
element_6 = -0.0010714695730912516
element_7 = 0.00011675180538683389
element_8 = 1.0

[perspectived_size]
width = 300

