[tran_mat_0]
element_0 = 7.94745124462
element_1 = 0.674783596242
element_2 = -1406.32399052
element_3 = 1.07841549999
element_4 = 3.91635102629
element_5 = -684.22625539
element_6 = 0.0079995977434
element_7 = 0.00152172823819
element_8 = 1.0

[tran_mat_1]
element_0 = -0.175057287931
element_1 = -0.584765834153
element_2 = 289.578275847
element_3 = 0.76240241668
element_4 = 0.0171051824255
element_5 = -241.713332855
element_6 = -0.00123186139121
element_7 = -8.67237835393e-05
element_8 = 1.0

[tran_mat_2]
element_0 = 0.713188516067
element_1 = -3.59836024016
element_2 = 960.729766462
element_3 = 6.07825541511
element_4 = -0.281773429839
element_5 = -1231.63166183
element_6 = 0.00389838704548
element_7 = -0.000151746482474
element_8 = 1.0

[tran_mat_3]
element_0 = 1.23780144573
element_1 = -0.0785905679828
element_2 = -391.04701864
element_3 = -0.0595521744732
element_4 = 0.78906631177
element_5 = -93.4820258793
element_6 = -0.00120598243052
element_7 = -0.000297753709269
element_8 = 1.0

[perspectived_size]
width = 300

