[tran_mat_0]
element_0 = 9.24024820723
element_1 = 1.54740998686
element_2 = -1765.55058329
element_3 = 0.513295244083
element_4 = 4.51699814793
element_5 = -496.869796272
element_6 = 0.00904095409542
element_7 = 0.00271633133933
element_8 = 1.0

[tran_mat_1]
element_0 = -0.120405813415
element_1 = -0.610056121305
element_2 = 268.071502988
element_3 = 0.750515947521
element_4 = 0.0888768885222
element_5 = -256.014814993
element_6 = -0.001105398952
element_7 = -0.000380078475627
element_8 = 1.0

[tran_mat_2]
element_0 = 0.738786070529
element_1 = -3.72605148614
element_2 = 1029.86778232
element_3 = 6.14252998312
element_4 = -0.747064457407
element_5 = -1172.22714083
element_6 = 0.00344600447427
element_7 = 0.000363823488816
element_8 = 1.0

[tran_mat_3]
element_0 = 1.31055767713
element_1 = -0.195497554047
element_2 = -397.801319235
element_3 = 0.16882312816
element_4 = 0.798072969484
element_5 = -186.257953032
element_6 = -0.00113395868209
element_7 = -0.000292019018554
element_8 = 1.0

[perspectived_size]
width = 300

