[tran_mat_0]
element_0 = 5.408609801153243
element_1 = -0.2060422781391717
element_2 = -897.8292269914382
element_3 = 0.8683869955854693
element_4 = 2.640605353923162
element_5 = -424.88935141146186
element_6 = 0.005446152186662797
element_7 = -0.00031058525374862963
element_8 = 1.0

[tran_mat_1]
element_0 = -0.17466531527650042
element_1 = -0.6225250980367598
element_2 = 278.9852944748479
element_3 = 0.8559064545779332
element_4 = -0.028915758600605905
element_5 = -273.89584861665867
element_6 = -0.0011449586968391183
element_7 = -0.0001911247295873029
element_8 = 1.0

[tran_mat_2]
element_0 = 0.8694551382146054
element_1 = -3.840093527114513
element_2 = 974.2969369643182
element_3 = 7.091828909002012
element_4 = 4.2278623223911325e-16
element_5 = -1418.3657818004024
element_6 = 0.00511734159255247
element_7 = -0.000186151639237394
element_8 = 1.0

[tran_mat_3]
element_0 = 1.2803743753370018
element_1 = 0.019399611747530313
element_2 = -398.02183422407984
element_3 = -0.19379195750185235
element_4 = 0.960534050226573
element_5 = -58.26397330979611
element_6 = -0.001220350868638755
element_7 = 2.9027285134005743e-05
element_8 = 1.0

[perspectived_size]
width = 300

