[tran_mat_0]
element_0 = -0.4832900716868532
element_1 = 0.9999104931452137
element_2 = -12.665532913172765
element_3 = -0.5554432373189748
element_4 = 0.13407250555975114
element_5 = 135.68137562646976
element_6 = -0.0034624443633527614
element_7 = 0.0004469083518658372
element_8 = 1.0

[tran_mat_1]
element_0 = 2.3483669066341206
element_1 = -0.5668471843599596
element_2 = -528.9494011770373
element_3 = -0.6658798530184012
element_4 = 1.9397369631405583
element_5 = -209.37578682735088
element_6 = -0.001276442010033842
element_7 = -0.00037210199806416144
element_8 = 1.0

[tran_mat_2]
element_0 = 10.316732605189607
element_1 = 1.9566217009842344
element_2 = -1066.714576436587
element_3 = 0.12765270098200765
element_4 = 10.850479583470529
element_5 = -1691.2706353106005
element_6 = 0.0008186018216304581
element_7 = 0.011599964130916874
element_8 = 1.0

[tran_mat_3]
element_0 = 1.210298565356669
element_1 = 0.8979634517162376
element_2 = -455.77501457979827
element_3 = -1.7793748652982597
element_4 = 1.6154850750734209
element_5 = 62.395184421313786
element_6 = -0.002789545010641343
element_7 = 0.0011321550797670893
element_8 = 1.0

[perspectived_size]
width = 300

