[tran_mat_0]
element_0 = 7.13690187566
element_1 = 0.23022264115
element_2 = -1072.14683984
element_3 = 1.09242900311
element_4 = 3.25245907743
element_5 = -585.566773596
element_6 = 0.00722766006613
element_7 = 0.000926658927418
element_8 = 1.0

[tran_mat_1]
element_0 = -0.199312214753
element_1 = -0.601769571465
element_2 = 300.102868583
element_3 = 0.806604927325
element_4 = -0.0102752220041
element_5 = -236.258179541
element_6 = -0.00123994826087
element_7 = -3.42507400138e-05
element_8 = 1.0

[tran_mat_2]
element_0 = 1.21773158888
element_1 = -4.30011467323
element_2 = 1098.08946027
element_3 = 7.68445299677
element_4 = 0.0502251829854
element_5 = -1552.56085645
element_6 = 0.00566314400649
element_7 = 0.000369972599624
element_8 = 1.0

[tran_mat_3]
element_0 = 1.3377931284
element_1 = -0.0935016702647
element_2 = -401.438632627
element_3 = -0.0847087095329
element_4 = 0.914854062955
element_5 = -103.649576984
element_6 = -0.00118981877995
element_7 = -0.000158993066433
element_8 = 1.0

[perspectived_size]
width = 300

